1 483 2 1 3
2 483 5 4 6
3 483 8 7 9
4 483 11 10 12
5 483 14 13 15
6 483 17 16 18
7 483 20 19 21
8 483 23 22 24
9 483 26 25 27
10 483 29 28 30
11 483 32 31 33
12 483 35 34 36
13 483 38 37 39
14 483 41 40 42
15 483 44 43 45
16 483 47 46 48
17 483 50 49 51
18 483 53 52 54
19 483 56 55 57
20 483 59 58 60
21 483 62 61 63
22 483 65 64 66
23 483 68 67 69
24 483 71 70 72
25 483 74 73 75
26 483 77 76 78
27 483 80 79 81
28 483 83 82 84
29 483 86 85 87
30 483 89 88 90
31 483 92 91 93
32 483 95 94 96
33 483 98 97 99
34 483 101 100 102
35 483 104 103 105
36 483 107 106 108
37 483 110 109 111
38 483 113 112 114
39 483 116 115 117
40 483 119 118 120
41 483 122 121 123
42 483 125 124 126
43 483 128 127 129
44 483 131 130 132
45 483 134 133 135
46 483 137 136 138
47 483 140 139 141
48 483 143 142 144
49 483 146 145 147
50 483 149 148 150
51 483 152 151 153
52 483 155 154 156
53 483 158 157 159
54 483 161 160 162
55 483 164 163 165
56 483 167 166 168
57 483 170 169 171
58 483 173 172 174
59 483 176 175 177
60 483 179 178 180
61 483 182 181 183
62 483 185 184 186
63 483 188 187 189
64 483 191 190 192
65 483 194 193 195
66 483 197 196 198
67 483 200 199 201
68 483 203 202 204
69 483 206 205 207
70 483 209 208 210
71 483 212 211 213
72 483 215 214 216
73 483 218 217 219
74 483 221 220 222
75 483 224 223 225
76 483 227 226 228
77 483 230 229 231
78 483 233 232 234
79 483 236 235 237
80 483 239 238 240
81 483 242 241 243
82 483 245 244 246
83 483 248 247 249
84 483 251 250 252
85 483 254 253 255
86 483 257 256 258
87 483 260 259 261
88 483 263 262 264
89 483 266 265 267
90 483 269 268 270
91 483 272 271 273
92 483 275 274 276
93 483 278 277 279
94 483 281 280 282
95 483 284 283 285
96 483 287 286 288
97 483 290 289 291
98 483 293 292 294
99 483 296 295 297
100 483 299 298 300
101 483 302 301 303
102 483 305 304 306
103 483 308 307 309
104 483 311 310 312
105 483 314 313 315
106 483 317 316 318
107 483 320 319 321
108 483 323 322 324
109 483 326 325 327
110 483 329 328 330
111 483 332 331 333
112 483 335 334 336
113 483 338 337 339
114 483 341 340 342
115 483 344 343 345
116 483 347 346 348
117 483 350 349 351
118 483 353 352 354
119 483 356 355 357
120 483 359 358 360
121 483 362 361 363
122 483 365 364 366
123 483 368 367 369
124 483 371 370 372
125 483 374 373 375
126 483 377 376 378
127 483 380 379 381
128 483 383 382 384
129 483 386 385 387
130 483 389 388 390
131 483 392 391 393
132 483 395 394 396
133 483 398 397 399
134 483 401 400 402
135 483 404 403 405
136 483 407 406 408
137 483 410 409 411
138 483 413 412 414
139 483 416 415 417
140 483 419 418 420
141 483 422 421 423
142 483 425 424 426
143 483 428 427 429
144 483 431 430 432
145 483 434 433 435
146 483 437 436 438
147 483 440 439 441
148 483 443 442 444
149 483 446 445 447
150 483 449 448 450
151 483 452 451 453
152 483 455 454 456
153 483 458 457 459
154 483 461 460 462
155 483 464 463 465
156 483 467 466 468
157 483 470 469 471
158 483 473 472 474
159 483 476 475 477
160 483 479 478 480
161 483 482 481 483
162 483 485 484 486
163 483 488 487 489
164 483 491 490 492
165 483 494 493 495
166 483 497 496 498
167 483 500 499 501
168 483 503 502 504
169 483 506 505 507
170 483 509 508 510
171 483 512 511 513
172 483 515 514 516
173 483 518 517 519
174 483 521 520 522
175 483 524 523 525
176 483 527 526 528
177 483 530 529 531
178 483 533 532 534
179 483 536 535 537
180 483 539 538 540
181 483 542 541 543
182 483 545 544 546
183 483 548 547 549
184 483 551 550 552
185 483 554 553 555
186 483 557 556 558
187 483 560 559 561
188 483 563 562 564
189 483 566 565 567
190 483 569 568 570
191 483 572 571 573
192 483 575 574 576
193 483 578 577 579
194 483 581 580 582
195 483 584 583 585
196 483 587 586 588
197 483 590 589 591
198 483 593 592 594
199 483 596 595 597
200 483 599 598 600
201 483 602 601 603
202 483 605 604 606
203 483 608 607 609
204 483 611 610 612
205 483 614 613 615
206 483 617 616 618
207 483 620 619 621
208 483 623 622 624
209 483 626 625 627
210 483 629 628 630
211 483 632 631 633
212 483 635 634 636
213 483 638 637 639
214 483 641 640 642
215 483 644 643 645
216 483 647 646 648
217 483 650 649 651
218 483 653 652 654
219 483 656 655 657
220 483 659 658 660
221 483 662 661 663
222 483 665 664 666
223 483 668 667 669
224 483 671 670 672
225 483 674 673 675
226 483 677 676 678
227 483 680 679 681
228 483 683 682 684
229 483 686 685 687
230 483 689 688 690
231 483 692 691 693
232 483 695 694 696
233 483 698 697 699
234 483 701 700 702
235 483 704 703 705
236 483 707 706 708
237 483 710 709 711
238 483 713 712 714
239 483 716 715 717
240 483 719 718 720
241 483 722 721 723
242 483 725 724 726
243 483 728 727 729
244 483 731 730 732
245 483 734 733 735
246 483 737 736 738
247 483 740 739 741
248 483 743 742 744
249 483 746 745 747
250 483 749 748 750
251 483 752 751 753
252 483 755 754 756
253 483 758 757 759
254 483 761 760 762
255 483 764 763 765
256 483 767 766 768
257 483 770 769 771
258 483 773 772 774
259 483 776 775 777
260 483 779 778 780
261 483 782 781 783
262 483 785 784 786
263 483 788 787 789
264 483 791 790 792
265 483 794 793 795
266 483 797 796 798
267 483 800 799 801
