1 1 76 -0.8476 0.0 0.0 0.0
2 1 77 0.4238 0.0 0.0 0.0
3 1 77 0.4238 0.0 0.0 0.0
4 2 76 -0.8476 0.0 0.0 0.0
5 2 77 0.4238 0.0 0.0 0.0
6 2 77 0.4238 0.0 0.0 0.0
7 3 76 -0.8476 0.0 0.0 0.0
8 3 77 0.4238 0.0 0.0 0.0
9 3 77 0.4238 0.0 0.0 0.0
10 4 76 -0.8476 0.0 0.0 0.0
11 4 77 0.4238 0.0 0.0 0.0
12 4 77 0.4238 0.0 0.0 0.0
13 5 76 -0.8476 0.0 0.0 0.0
14 5 77 0.4238 0.0 0.0 0.0
15 5 77 0.4238 0.0 0.0 0.0
16 6 76 -0.8476 0.0 0.0 0.0
17 6 77 0.4238 0.0 0.0 0.0
18 6 77 0.4238 0.0 0.0 0.0
19 7 76 -0.8476 0.0 0.0 0.0
20 7 77 0.4238 0.0 0.0 0.0
21 7 77 0.4238 0.0 0.0 0.0
22 8 76 -0.8476 0.0 0.0 0.0
23 8 77 0.4238 0.0 0.0 0.0
24 8 77 0.4238 0.0 0.0 0.0
25 9 76 -0.8476 0.0 0.0 0.0
26 9 77 0.4238 0.0 0.0 0.0
27 9 77 0.4238 0.0 0.0 0.0
28 10 76 -0.8476 0.0 0.0 0.0
29 10 77 0.4238 0.0 0.0 0.0
30 10 77 0.4238 0.0 0.0 0.0
31 11 76 -0.8476 0.0 0.0 0.0
32 11 77 0.4238 0.0 0.0 0.0
33 11 77 0.4238 0.0 0.0 0.0
34 12 76 -0.8476 0.0 0.0 0.0
35 12 77 0.4238 0.0 0.0 0.0
36 12 77 0.4238 0.0 0.0 0.0
37 13 76 -0.8476 0.0 0.0 0.0
38 13 77 0.4238 0.0 0.0 0.0
39 13 77 0.4238 0.0 0.0 0.0
40 14 76 -0.8476 0.0 0.0 0.0
41 14 77 0.4238 0.0 0.0 0.0
42 14 77 0.4238 0.0 0.0 0.0
43 15 76 -0.8476 0.0 0.0 0.0
44 15 77 0.4238 0.0 0.0 0.0
45 15 77 0.4238 0.0 0.0 0.0
46 16 76 -0.8476 0.0 0.0 0.0
47 16 77 0.4238 0.0 0.0 0.0
48 16 77 0.4238 0.0 0.0 0.0
49 17 76 -0.8476 0.0 0.0 0.0
50 17 77 0.4238 0.0 0.0 0.0
51 17 77 0.4238 0.0 0.0 0.0
52 18 76 -0.8476 0.0 0.0 0.0
53 18 77 0.4238 0.0 0.0 0.0
54 18 77 0.4238 0.0 0.0 0.0
55 19 76 -0.8476 0.0 0.0 0.0
56 19 77 0.4238 0.0 0.0 0.0
57 19 77 0.4238 0.0 0.0 0.0
58 20 76 -0.8476 0.0 0.0 0.0
59 20 77 0.4238 0.0 0.0 0.0
60 20 77 0.4238 0.0 0.0 0.0
61 21 76 -0.8476 0.0 0.0 0.0
62 21 77 0.4238 0.0 0.0 0.0
63 21 77 0.4238 0.0 0.0 0.0
64 22 76 -0.8476 0.0 0.0 0.0
65 22 77 0.4238 0.0 0.0 0.0
66 22 77 0.4238 0.0 0.0 0.0
67 23 76 -0.8476 0.0 0.0 0.0
68 23 77 0.4238 0.0 0.0 0.0
69 23 77 0.4238 0.0 0.0 0.0
70 24 76 -0.8476 0.0 0.0 0.0
71 24 77 0.4238 0.0 0.0 0.0
72 24 77 0.4238 0.0 0.0 0.0
73 25 76 -0.8476 0.0 0.0 0.0
74 25 77 0.4238 0.0 0.0 0.0
75 25 77 0.4238 0.0 0.0 0.0
76 26 76 -0.8476 0.0 0.0 0.0
77 26 77 0.4238 0.0 0.0 0.0
78 26 77 0.4238 0.0 0.0 0.0
79 27 76 -0.8476 0.0 0.0 0.0
80 27 77 0.4238 0.0 0.0 0.0
81 27 77 0.4238 0.0 0.0 0.0
82 28 76 -0.8476 0.0 0.0 0.0
83 28 77 0.4238 0.0 0.0 0.0
84 28 77 0.4238 0.0 0.0 0.0
85 29 76 -0.8476 0.0 0.0 0.0
86 29 77 0.4238 0.0 0.0 0.0
87 29 77 0.4238 0.0 0.0 0.0
88 30 76 -0.8476 0.0 0.0 0.0
89 30 77 0.4238 0.0 0.0 0.0
90 30 77 0.4238 0.0 0.0 0.0
91 31 76 -0.8476 0.0 0.0 0.0
92 31 77 0.4238 0.0 0.0 0.0
93 31 77 0.4238 0.0 0.0 0.0
94 32 76 -0.8476 0.0 0.0 0.0
95 32 77 0.4238 0.0 0.0 0.0
96 32 77 0.4238 0.0 0.0 0.0
97 33 76 -0.8476 0.0 0.0 0.0
98 33 77 0.4238 0.0 0.0 0.0
99 33 77 0.4238 0.0 0.0 0.0
100 34 76 -0.8476 0.0 0.0 0.0
101 34 77 0.4238 0.0 0.0 0.0
102 34 77 0.4238 0.0 0.0 0.0
103 35 76 -0.8476 0.0 0.0 0.0
104 35 77 0.4238 0.0 0.0 0.0
105 35 77 0.4238 0.0 0.0 0.0
106 36 76 -0.8476 0.0 0.0 0.0
107 36 77 0.4238 0.0 0.0 0.0
108 36 77 0.4238 0.0 0.0 0.0
109 37 76 -0.8476 0.0 0.0 0.0
110 37 77 0.4238 0.0 0.0 0.0
111 37 77 0.4238 0.0 0.0 0.0
112 38 76 -0.8476 0.0 0.0 0.0
113 38 77 0.4238 0.0 0.0 0.0
114 38 77 0.4238 0.0 0.0 0.0
115 39 76 -0.8476 0.0 0.0 0.0
116 39 77 0.4238 0.0 0.0 0.0
117 39 77 0.4238 0.0 0.0 0.0
118 40 76 -0.8476 0.0 0.0 0.0
119 40 77 0.4238 0.0 0.0 0.0
120 40 77 0.4238 0.0 0.0 0.0
121 41 76 -0.8476 0.0 0.0 0.0
122 41 77 0.4238 0.0 0.0 0.0
123 41 77 0.4238 0.0 0.0 0.0
124 42 76 -0.8476 0.0 0.0 0.0
125 42 77 0.4238 0.0 0.0 0.0
126 42 77 0.4238 0.0 0.0 0.0
127 43 76 -0.8476 0.0 0.0 0.0
128 43 77 0.4238 0.0 0.0 0.0
129 43 77 0.4238 0.0 0.0 0.0
130 44 76 -0.8476 0.0 0.0 0.0
131 44 77 0.4238 0.0 0.0 0.0
132 44 77 0.4238 0.0 0.0 0.0
133 45 76 -0.8476 0.0 0.0 0.0
134 45 77 0.4238 0.0 0.0 0.0
135 45 77 0.4238 0.0 0.0 0.0
136 46 76 -0.8476 0.0 0.0 0.0
137 46 77 0.4238 0.0 0.0 0.0
138 46 77 0.4238 0.0 0.0 0.0
139 47 76 -0.8476 0.0 0.0 0.0
140 47 77 0.4238 0.0 0.0 0.0
141 47 77 0.4238 0.0 0.0 0.0
142 48 76 -0.8476 0.0 0.0 0.0
143 48 77 0.4238 0.0 0.0 0.0
144 48 77 0.4238 0.0 0.0 0.0
145 49 76 -0.8476 0.0 0.0 0.0
146 49 77 0.4238 0.0 0.0 0.0
147 49 77 0.4238 0.0 0.0 0.0
148 50 76 -0.8476 0.0 0.0 0.0
149 50 77 0.4238 0.0 0.0 0.0
150 50 77 0.4238 0.0 0.0 0.0
151 51 76 -0.8476 0.0 0.0 0.0
152 51 77 0.4238 0.0 0.0 0.0
153 51 77 0.4238 0.0 0.0 0.0
154 52 76 -0.8476 0.0 0.0 0.0
155 52 77 0.4238 0.0 0.0 0.0
156 52 77 0.4238 0.0 0.0 0.0
157 53 76 -0.8476 0.0 0.0 0.0
158 53 77 0.4238 0.0 0.0 0.0
159 53 77 0.4238 0.0 0.0 0.0
160 54 76 -0.8476 0.0 0.0 0.0
161 54 77 0.4238 0.0 0.0 0.0
162 54 77 0.4238 0.0 0.0 0.0
163 55 76 -0.8476 0.0 0.0 0.0
164 55 77 0.4238 0.0 0.0 0.0
165 55 77 0.4238 0.0 0.0 0.0
166 56 76 -0.8476 0.0 0.0 0.0
167 56 77 0.4238 0.0 0.0 0.0
168 56 77 0.4238 0.0 0.0 0.0
169 57 76 -0.8476 0.0 0.0 0.0
170 57 77 0.4238 0.0 0.0 0.0
171 57 77 0.4238 0.0 0.0 0.0
172 58 76 -0.8476 0.0 0.0 0.0
173 58 77 0.4238 0.0 0.0 0.0
174 58 77 0.4238 0.0 0.0 0.0
175 59 76 -0.8476 0.0 0.0 0.0
176 59 77 0.4238 0.0 0.0 0.0
177 59 77 0.4238 0.0 0.0 0.0
178 60 76 -0.8476 0.0 0.0 0.0
179 60 77 0.4238 0.0 0.0 0.0
180 60 77 0.4238 0.0 0.0 0.0
181 61 76 -0.8476 0.0 0.0 0.0
182 61 77 0.4238 0.0 0.0 0.0
183 61 77 0.4238 0.0 0.0 0.0
184 62 76 -0.8476 0.0 0.0 0.0
185 62 77 0.4238 0.0 0.0 0.0
186 62 77 0.4238 0.0 0.0 0.0
187 63 76 -0.8476 0.0 0.0 0.0
188 63 77 0.4238 0.0 0.0 0.0
189 63 77 0.4238 0.0 0.0 0.0
190 64 76 -0.8476 0.0 0.0 0.0
191 64 77 0.4238 0.0 0.0 0.0
192 64 77 0.4238 0.0 0.0 0.0
193 65 76 -0.8476 0.0 0.0 0.0
194 65 77 0.4238 0.0 0.0 0.0
195 65 77 0.4238 0.0 0.0 0.0
196 66 76 -0.8476 0.0 0.0 0.0
197 66 77 0.4238 0.0 0.0 0.0
198 66 77 0.4238 0.0 0.0 0.0
199 67 76 -0.8476 0.0 0.0 0.0
200 67 77 0.4238 0.0 0.0 0.0
201 67 77 0.4238 0.0 0.0 0.0
202 68 76 -0.8476 0.0 0.0 0.0
203 68 77 0.4238 0.0 0.0 0.0
204 68 77 0.4238 0.0 0.0 0.0
205 69 76 -0.8476 0.0 0.0 0.0
206 69 77 0.4238 0.0 0.0 0.0
207 69 77 0.4238 0.0 0.0 0.0
208 70 76 -0.8476 0.0 0.0 0.0
209 70 77 0.4238 0.0 0.0 0.0
210 70 77 0.4238 0.0 0.0 0.0
211 71 76 -0.8476 0.0 0.0 0.0
212 71 77 0.4238 0.0 0.0 0.0
213 71 77 0.4238 0.0 0.0 0.0
214 72 76 -0.8476 0.0 0.0 0.0
215 72 77 0.4238 0.0 0.0 0.0
216 72 77 0.4238 0.0 0.0 0.0
217 73 76 -0.8476 0.0 0.0 0.0
218 73 77 0.4238 0.0 0.0 0.0
219 73 77 0.4238 0.0 0.0 0.0
220 74 76 -0.8476 0.0 0.0 0.0
221 74 77 0.4238 0.0 0.0 0.0
222 74 77 0.4238 0.0 0.0 0.0
223 75 76 -0.8476 0.0 0.0 0.0
224 75 77 0.4238 0.0 0.0 0.0
225 75 77 0.4238 0.0 0.0 0.0
226 76 76 -0.8476 0.0 0.0 0.0
227 76 77 0.4238 0.0 0.0 0.0
228 76 77 0.4238 0.0 0.0 0.0
229 77 76 -0.8476 0.0 0.0 0.0
230 77 77 0.4238 0.0 0.0 0.0
231 77 77 0.4238 0.0 0.0 0.0
232 78 76 -0.8476 0.0 0.0 0.0
233 78 77 0.4238 0.0 0.0 0.0
234 78 77 0.4238 0.0 0.0 0.0
235 79 76 -0.8476 0.0 0.0 0.0
236 79 77 0.4238 0.0 0.0 0.0
237 79 77 0.4238 0.0 0.0 0.0
238 80 76 -0.8476 0.0 0.0 0.0
239 80 77 0.4238 0.0 0.0 0.0
240 80 77 0.4238 0.0 0.0 0.0
241 81 76 -0.8476 0.0 0.0 0.0
242 81 77 0.4238 0.0 0.0 0.0
243 81 77 0.4238 0.0 0.0 0.0
244 82 76 -0.8476 0.0 0.0 0.0
245 82 77 0.4238 0.0 0.0 0.0
246 82 77 0.4238 0.0 0.0 0.0
247 83 76 -0.8476 0.0 0.0 0.0
248 83 77 0.4238 0.0 0.0 0.0
249 83 77 0.4238 0.0 0.0 0.0
250 84 76 -0.8476 0.0 0.0 0.0
251 84 77 0.4238 0.0 0.0 0.0
252 84 77 0.4238 0.0 0.0 0.0
253 85 76 -0.8476 0.0 0.0 0.0
254 85 77 0.4238 0.0 0.0 0.0
255 85 77 0.4238 0.0 0.0 0.0
256 86 76 -0.8476 0.0 0.0 0.0
257 86 77 0.4238 0.0 0.0 0.0
258 86 77 0.4238 0.0 0.0 0.0
259 87 76 -0.8476 0.0 0.0 0.0
260 87 77 0.4238 0.0 0.0 0.0
261 87 77 0.4238 0.0 0.0 0.0
262 88 76 -0.8476 0.0 0.0 0.0
263 88 77 0.4238 0.0 0.0 0.0
264 88 77 0.4238 0.0 0.0 0.0
265 89 76 -0.8476 0.0 0.0 0.0
266 89 77 0.4238 0.0 0.0 0.0
267 89 77 0.4238 0.0 0.0 0.0
268 90 76 -0.8476 0.0 0.0 0.0
269 90 77 0.4238 0.0 0.0 0.0
270 90 77 0.4238 0.0 0.0 0.0
271 91 76 -0.8476 0.0 0.0 0.0
272 91 77 0.4238 0.0 0.0 0.0
273 91 77 0.4238 0.0 0.0 0.0
274 92 76 -0.8476 0.0 0.0 0.0
275 92 77 0.4238 0.0 0.0 0.0
276 92 77 0.4238 0.0 0.0 0.0
277 93 76 -0.8476 0.0 0.0 0.0
278 93 77 0.4238 0.0 0.0 0.0
279 93 77 0.4238 0.0 0.0 0.0
280 94 76 -0.8476 0.0 0.0 0.0
281 94 77 0.4238 0.0 0.0 0.0
282 94 77 0.4238 0.0 0.0 0.0
283 95 76 -0.8476 0.0 0.0 0.0
284 95 77 0.4238 0.0 0.0 0.0
285 95 77 0.4238 0.0 0.0 0.0
286 96 76 -0.8476 0.0 0.0 0.0
287 96 77 0.4238 0.0 0.0 0.0
288 96 77 0.4238 0.0 0.0 0.0
289 97 76 -0.8476 0.0 0.0 0.0
290 97 77 0.4238 0.0 0.0 0.0
291 97 77 0.4238 0.0 0.0 0.0
292 98 76 -0.8476 0.0 0.0 0.0
293 98 77 0.4238 0.0 0.0 0.0
294 98 77 0.4238 0.0 0.0 0.0
295 99 76 -0.8476 0.0 0.0 0.0
296 99 77 0.4238 0.0 0.0 0.0
297 99 77 0.4238 0.0 0.0 0.0
298 100 76 -0.8476 0.0 0.0 0.0
299 100 77 0.4238 0.0 0.0 0.0
300 100 77 0.4238 0.0 0.0 0.0
301 101 76 -0.8476 0.0 0.0 0.0
302 101 77 0.4238 0.0 0.0 0.0
303 101 77 0.4238 0.0 0.0 0.0
304 102 76 -0.8476 0.0 0.0 0.0
305 102 77 0.4238 0.0 0.0 0.0
306 102 77 0.4238 0.0 0.0 0.0
307 103 76 -0.8476 0.0 0.0 0.0
308 103 77 0.4238 0.0 0.0 0.0
309 103 77 0.4238 0.0 0.0 0.0
310 104 76 -0.8476 0.0 0.0 0.0
311 104 77 0.4238 0.0 0.0 0.0
312 104 77 0.4238 0.0 0.0 0.0
313 105 76 -0.8476 0.0 0.0 0.0
314 105 77 0.4238 0.0 0.0 0.0
315 105 77 0.4238 0.0 0.0 0.0
316 106 76 -0.8476 0.0 0.0 0.0
317 106 77 0.4238 0.0 0.0 0.0
318 106 77 0.4238 0.0 0.0 0.0
319 107 76 -0.8476 0.0 0.0 0.0
320 107 77 0.4238 0.0 0.0 0.0
321 107 77 0.4238 0.0 0.0 0.0
322 108 76 -0.8476 0.0 0.0 0.0
323 108 77 0.4238 0.0 0.0 0.0
324 108 77 0.4238 0.0 0.0 0.0
325 109 76 -0.8476 0.0 0.0 0.0
326 109 77 0.4238 0.0 0.0 0.0
327 109 77 0.4238 0.0 0.0 0.0
328 110 76 -0.8476 0.0 0.0 0.0
329 110 77 0.4238 0.0 0.0 0.0
330 110 77 0.4238 0.0 0.0 0.0
331 111 76 -0.8476 0.0 0.0 0.0
332 111 77 0.4238 0.0 0.0 0.0
333 111 77 0.4238 0.0 0.0 0.0
334 112 76 -0.8476 0.0 0.0 0.0
335 112 77 0.4238 0.0 0.0 0.0
336 112 77 0.4238 0.0 0.0 0.0
337 113 76 -0.8476 0.0 0.0 0.0
338 113 77 0.4238 0.0 0.0 0.0
339 113 77 0.4238 0.0 0.0 0.0
340 114 76 -0.8476 0.0 0.0 0.0
341 114 77 0.4238 0.0 0.0 0.0
342 114 77 0.4238 0.0 0.0 0.0
343 115 76 -0.8476 0.0 0.0 0.0
344 115 77 0.4238 0.0 0.0 0.0
345 115 77 0.4238 0.0 0.0 0.0
346 116 76 -0.8476 0.0 0.0 0.0
347 116 77 0.4238 0.0 0.0 0.0
348 116 77 0.4238 0.0 0.0 0.0
349 117 76 -0.8476 0.0 0.0 0.0
350 117 77 0.4238 0.0 0.0 0.0
351 117 77 0.4238 0.0 0.0 0.0
352 118 76 -0.8476 0.0 0.0 0.0
353 118 77 0.4238 0.0 0.0 0.0
354 118 77 0.4238 0.0 0.0 0.0
355 119 76 -0.8476 0.0 0.0 0.0
356 119 77 0.4238 0.0 0.0 0.0
357 119 77 0.4238 0.0 0.0 0.0
358 120 76 -0.8476 0.0 0.0 0.0
359 120 77 0.4238 0.0 0.0 0.0
360 120 77 0.4238 0.0 0.0 0.0
361 121 76 -0.8476 0.0 0.0 0.0
362 121 77 0.4238 0.0 0.0 0.0
363 121 77 0.4238 0.0 0.0 0.0
364 122 76 -0.8476 0.0 0.0 0.0
365 122 77 0.4238 0.0 0.0 0.0
366 122 77 0.4238 0.0 0.0 0.0
367 123 76 -0.8476 0.0 0.0 0.0
368 123 77 0.4238 0.0 0.0 0.0
369 123 77 0.4238 0.0 0.0 0.0
370 124 76 -0.8476 0.0 0.0 0.0
371 124 77 0.4238 0.0 0.0 0.0
372 124 77 0.4238 0.0 0.0 0.0
373 125 76 -0.8476 0.0 0.0 0.0
374 125 77 0.4238 0.0 0.0 0.0
375 125 77 0.4238 0.0 0.0 0.0
376 126 76 -0.8476 0.0 0.0 0.0
377 126 77 0.4238 0.0 0.0 0.0
378 126 77 0.4238 0.0 0.0 0.0
379 127 76 -0.8476 0.0 0.0 0.0
380 127 77 0.4238 0.0 0.0 0.0
381 127 77 0.4238 0.0 0.0 0.0
382 128 76 -0.8476 0.0 0.0 0.0
383 128 77 0.4238 0.0 0.0 0.0
384 128 77 0.4238 0.0 0.0 0.0
385 129 76 -0.8476 0.0 0.0 0.0
386 129 77 0.4238 0.0 0.0 0.0
387 129 77 0.4238 0.0 0.0 0.0
388 130 76 -0.8476 0.0 0.0 0.0
389 130 77 0.4238 0.0 0.0 0.0
390 130 77 0.4238 0.0 0.0 0.0
391 131 76 -0.8476 0.0 0.0 0.0
392 131 77 0.4238 0.0 0.0 0.0
393 131 77 0.4238 0.0 0.0 0.0
394 132 76 -0.8476 0.0 0.0 0.0
395 132 77 0.4238 0.0 0.0 0.0
396 132 77 0.4238 0.0 0.0 0.0
397 133 76 -0.8476 0.0 0.0 0.0
398 133 77 0.4238 0.0 0.0 0.0
399 133 77 0.4238 0.0 0.0 0.0
400 134 76 -0.8476 0.0 0.0 0.0
401 134 77 0.4238 0.0 0.0 0.0
402 134 77 0.4238 0.0 0.0 0.0
403 135 76 -0.8476 0.0 0.0 0.0
404 135 77 0.4238 0.0 0.0 0.0
405 135 77 0.4238 0.0 0.0 0.0
406 136 76 -0.8476 0.0 0.0 0.0
407 136 77 0.4238 0.0 0.0 0.0
408 136 77 0.4238 0.0 0.0 0.0
409 137 76 -0.8476 0.0 0.0 0.0
410 137 77 0.4238 0.0 0.0 0.0
411 137 77 0.4238 0.0 0.0 0.0
412 138 76 -0.8476 0.0 0.0 0.0
413 138 77 0.4238 0.0 0.0 0.0
414 138 77 0.4238 0.0 0.0 0.0
415 139 76 -0.8476 0.0 0.0 0.0
416 139 77 0.4238 0.0 0.0 0.0
417 139 77 0.4238 0.0 0.0 0.0
418 140 76 -0.8476 0.0 0.0 0.0
419 140 77 0.4238 0.0 0.0 0.0
420 140 77 0.4238 0.0 0.0 0.0
421 141 76 -0.8476 0.0 0.0 0.0
422 141 77 0.4238 0.0 0.0 0.0
423 141 77 0.4238 0.0 0.0 0.0
424 142 76 -0.8476 0.0 0.0 0.0
425 142 77 0.4238 0.0 0.0 0.0
426 142 77 0.4238 0.0 0.0 0.0
427 143 76 -0.8476 0.0 0.0 0.0
428 143 77 0.4238 0.0 0.0 0.0
429 143 77 0.4238 0.0 0.0 0.0
430 144 76 -0.8476 0.0 0.0 0.0
431 144 77 0.4238 0.0 0.0 0.0
432 144 77 0.4238 0.0 0.0 0.0
433 145 76 -0.8476 0.0 0.0 0.0
434 145 77 0.4238 0.0 0.0 0.0
435 145 77 0.4238 0.0 0.0 0.0
436 146 76 -0.8476 0.0 0.0 0.0
437 146 77 0.4238 0.0 0.0 0.0
438 146 77 0.4238 0.0 0.0 0.0
439 147 76 -0.8476 0.0 0.0 0.0
440 147 77 0.4238 0.0 0.0 0.0
441 147 77 0.4238 0.0 0.0 0.0
442 148 76 -0.8476 0.0 0.0 0.0
443 148 77 0.4238 0.0 0.0 0.0
444 148 77 0.4238 0.0 0.0 0.0
445 149 76 -0.8476 0.0 0.0 0.0
446 149 77 0.4238 0.0 0.0 0.0
447 149 77 0.4238 0.0 0.0 0.0
448 150 76 -0.8476 0.0 0.0 0.0
449 150 77 0.4238 0.0 0.0 0.0
450 150 77 0.4238 0.0 0.0 0.0
451 151 76 -0.8476 0.0 0.0 0.0
452 151 77 0.4238 0.0 0.0 0.0
453 151 77 0.4238 0.0 0.0 0.0
454 152 76 -0.8476 0.0 0.0 0.0
455 152 77 0.4238 0.0 0.0 0.0
456 152 77 0.4238 0.0 0.0 0.0
457 153 76 -0.8476 0.0 0.0 0.0
458 153 77 0.4238 0.0 0.0 0.0
459 153 77 0.4238 0.0 0.0 0.0
460 154 76 -0.8476 0.0 0.0 0.0
461 154 77 0.4238 0.0 0.0 0.0
462 154 77 0.4238 0.0 0.0 0.0
463 155 76 -0.8476 0.0 0.0 0.0
464 155 77 0.4238 0.0 0.0 0.0
465 155 77 0.4238 0.0 0.0 0.0
466 156 76 -0.8476 0.0 0.0 0.0
467 156 77 0.4238 0.0 0.0 0.0
468 156 77 0.4238 0.0 0.0 0.0
469 157 76 -0.8476 0.0 0.0 0.0
470 157 77 0.4238 0.0 0.0 0.0
471 157 77 0.4238 0.0 0.0 0.0
472 158 76 -0.8476 0.0 0.0 0.0
473 158 77 0.4238 0.0 0.0 0.0
474 158 77 0.4238 0.0 0.0 0.0
475 159 76 -0.8476 0.0 0.0 0.0
476 159 77 0.4238 0.0 0.0 0.0
477 159 77 0.4238 0.0 0.0 0.0
478 160 76 -0.8476 0.0 0.0 0.0
479 160 77 0.4238 0.0 0.0 0.0
480 160 77 0.4238 0.0 0.0 0.0
481 161 76 -0.8476 0.0 0.0 0.0
482 161 77 0.4238 0.0 0.0 0.0
483 161 77 0.4238 0.0 0.0 0.0
484 162 76 -0.8476 0.0 0.0 0.0
485 162 77 0.4238 0.0 0.0 0.0
486 162 77 0.4238 0.0 0.0 0.0
487 163 76 -0.8476 0.0 0.0 0.0
488 163 77 0.4238 0.0 0.0 0.0
489 163 77 0.4238 0.0 0.0 0.0
490 164 76 -0.8476 0.0 0.0 0.0
491 164 77 0.4238 0.0 0.0 0.0
492 164 77 0.4238 0.0 0.0 0.0
493 165 76 -0.8476 0.0 0.0 0.0
494 165 77 0.4238 0.0 0.0 0.0
495 165 77 0.4238 0.0 0.0 0.0
496 166 76 -0.8476 0.0 0.0 0.0
497 166 77 0.4238 0.0 0.0 0.0
498 166 77 0.4238 0.0 0.0 0.0
499 167 76 -0.8476 0.0 0.0 0.0
500 167 77 0.4238 0.0 0.0 0.0
501 167 77 0.4238 0.0 0.0 0.0
502 168 76 -0.8476 0.0 0.0 0.0
503 168 77 0.4238 0.0 0.0 0.0
504 168 77 0.4238 0.0 0.0 0.0
505 169 76 -0.8476 0.0 0.0 0.0
506 169 77 0.4238 0.0 0.0 0.0
507 169 77 0.4238 0.0 0.0 0.0
508 170 76 -0.8476 0.0 0.0 0.0
509 170 77 0.4238 0.0 0.0 0.0
510 170 77 0.4238 0.0 0.0 0.0
511 171 76 -0.8476 0.0 0.0 0.0
512 171 77 0.4238 0.0 0.0 0.0
513 171 77 0.4238 0.0 0.0 0.0
514 172 76 -0.8476 0.0 0.0 0.0
515 172 77 0.4238 0.0 0.0 0.0
516 172 77 0.4238 0.0 0.0 0.0
517 173 76 -0.8476 0.0 0.0 0.0
518 173 77 0.4238 0.0 0.0 0.0
519 173 77 0.4238 0.0 0.0 0.0
520 174 76 -0.8476 0.0 0.0 0.0
521 174 77 0.4238 0.0 0.0 0.0
522 174 77 0.4238 0.0 0.0 0.0
523 175 76 -0.8476 0.0 0.0 0.0
524 175 77 0.4238 0.0 0.0 0.0
525 175 77 0.4238 0.0 0.0 0.0
526 176 76 -0.8476 0.0 0.0 0.0
527 176 77 0.4238 0.0 0.0 0.0
528 176 77 0.4238 0.0 0.0 0.0
529 177 76 -0.8476 0.0 0.0 0.0
530 177 77 0.4238 0.0 0.0 0.0
531 177 77 0.4238 0.0 0.0 0.0
532 178 76 -0.8476 0.0 0.0 0.0
533 178 77 0.4238 0.0 0.0 0.0
534 178 77 0.4238 0.0 0.0 0.0
535 179 76 -0.8476 0.0 0.0 0.0
536 179 77 0.4238 0.0 0.0 0.0
537 179 77 0.4238 0.0 0.0 0.0
538 180 76 -0.8476 0.0 0.0 0.0
539 180 77 0.4238 0.0 0.0 0.0
540 180 77 0.4238 0.0 0.0 0.0
541 181 76 -0.8476 0.0 0.0 0.0
542 181 77 0.4238 0.0 0.0 0.0
543 181 77 0.4238 0.0 0.0 0.0
544 182 76 -0.8476 0.0 0.0 0.0
545 182 77 0.4238 0.0 0.0 0.0
546 182 77 0.4238 0.0 0.0 0.0
547 183 76 -0.8476 0.0 0.0 0.0
548 183 77 0.4238 0.0 0.0 0.0
549 183 77 0.4238 0.0 0.0 0.0
550 184 76 -0.8476 0.0 0.0 0.0
551 184 77 0.4238 0.0 0.0 0.0
552 184 77 0.4238 0.0 0.0 0.0
553 185 76 -0.8476 0.0 0.0 0.0
554 185 77 0.4238 0.0 0.0 0.0
555 185 77 0.4238 0.0 0.0 0.0
556 186 76 -0.8476 0.0 0.0 0.0
557 186 77 0.4238 0.0 0.0 0.0
558 186 77 0.4238 0.0 0.0 0.0
559 187 76 -0.8476 0.0 0.0 0.0
560 187 77 0.4238 0.0 0.0 0.0
561 187 77 0.4238 0.0 0.0 0.0
562 188 76 -0.8476 0.0 0.0 0.0
563 188 77 0.4238 0.0 0.0 0.0
564 188 77 0.4238 0.0 0.0 0.0
565 189 76 -0.8476 0.0 0.0 0.0
566 189 77 0.4238 0.0 0.0 0.0
567 189 77 0.4238 0.0 0.0 0.0
568 190 76 -0.8476 0.0 0.0 0.0
569 190 77 0.4238 0.0 0.0 0.0
570 190 77 0.4238 0.0 0.0 0.0
571 191 76 -0.8476 0.0 0.0 0.0
572 191 77 0.4238 0.0 0.0 0.0
573 191 77 0.4238 0.0 0.0 0.0
574 192 76 -0.8476 0.0 0.0 0.0
575 192 77 0.4238 0.0 0.0 0.0
576 192 77 0.4238 0.0 0.0 0.0
577 193 76 -0.8476 0.0 0.0 0.0
578 193 77 0.4238 0.0 0.0 0.0
579 193 77 0.4238 0.0 0.0 0.0
580 194 76 -0.8476 0.0 0.0 0.0
581 194 77 0.4238 0.0 0.0 0.0
582 194 77 0.4238 0.0 0.0 0.0
583 195 76 -0.8476 0.0 0.0 0.0
584 195 77 0.4238 0.0 0.0 0.0
585 195 77 0.4238 0.0 0.0 0.0
586 196 76 -0.8476 0.0 0.0 0.0
587 196 77 0.4238 0.0 0.0 0.0
588 196 77 0.4238 0.0 0.0 0.0
589 197 76 -0.8476 0.0 0.0 0.0
590 197 77 0.4238 0.0 0.0 0.0
591 197 77 0.4238 0.0 0.0 0.0
592 198 76 -0.8476 0.0 0.0 0.0
593 198 77 0.4238 0.0 0.0 0.0
594 198 77 0.4238 0.0 0.0 0.0
595 199 76 -0.8476 0.0 0.0 0.0
596 199 77 0.4238 0.0 0.0 0.0
597 199 77 0.4238 0.0 0.0 0.0
598 200 76 -0.8476 0.0 0.0 0.0
599 200 77 0.4238 0.0 0.0 0.0
600 200 77 0.4238 0.0 0.0 0.0
601 201 76 -0.8476 0.0 0.0 0.0
602 201 77 0.4238 0.0 0.0 0.0
603 201 77 0.4238 0.0 0.0 0.0
604 202 76 -0.8476 0.0 0.0 0.0
605 202 77 0.4238 0.0 0.0 0.0
606 202 77 0.4238 0.0 0.0 0.0
607 203 76 -0.8476 0.0 0.0 0.0
608 203 77 0.4238 0.0 0.0 0.0
609 203 77 0.4238 0.0 0.0 0.0
610 204 76 -0.8476 0.0 0.0 0.0
611 204 77 0.4238 0.0 0.0 0.0
612 204 77 0.4238 0.0 0.0 0.0
613 205 76 -0.8476 0.0 0.0 0.0
614 205 77 0.4238 0.0 0.0 0.0
615 205 77 0.4238 0.0 0.0 0.0
616 206 76 -0.8476 0.0 0.0 0.0
617 206 77 0.4238 0.0 0.0 0.0
618 206 77 0.4238 0.0 0.0 0.0
619 207 76 -0.8476 0.0 0.0 0.0
620 207 77 0.4238 0.0 0.0 0.0
621 207 77 0.4238 0.0 0.0 0.0
622 208 76 -0.8476 0.0 0.0 0.0
623 208 77 0.4238 0.0 0.0 0.0
624 208 77 0.4238 0.0 0.0 0.0
625 209 76 -0.8476 0.0 0.0 0.0
626 209 77 0.4238 0.0 0.0 0.0
627 209 77 0.4238 0.0 0.0 0.0
628 210 76 -0.8476 0.0 0.0 0.0
629 210 77 0.4238 0.0 0.0 0.0
630 210 77 0.4238 0.0 0.0 0.0
631 211 76 -0.8476 0.0 0.0 0.0
632 211 77 0.4238 0.0 0.0 0.0
633 211 77 0.4238 0.0 0.0 0.0
634 212 76 -0.8476 0.0 0.0 0.0
635 212 77 0.4238 0.0 0.0 0.0
636 212 77 0.4238 0.0 0.0 0.0
637 213 76 -0.8476 0.0 0.0 0.0
638 213 77 0.4238 0.0 0.0 0.0
639 213 77 0.4238 0.0 0.0 0.0
640 214 76 -0.8476 0.0 0.0 0.0
641 214 77 0.4238 0.0 0.0 0.0
642 214 77 0.4238 0.0 0.0 0.0
643 215 76 -0.8476 0.0 0.0 0.0
644 215 77 0.4238 0.0 0.0 0.0
645 215 77 0.4238 0.0 0.0 0.0
646 216 76 -0.8476 0.0 0.0 0.0
647 216 77 0.4238 0.0 0.0 0.0
648 216 77 0.4238 0.0 0.0 0.0
649 217 76 -0.8476 0.0 0.0 0.0
650 217 77 0.4238 0.0 0.0 0.0
651 217 77 0.4238 0.0 0.0 0.0
652 218 76 -0.8476 0.0 0.0 0.0
653 218 77 0.4238 0.0 0.0 0.0
654 218 77 0.4238 0.0 0.0 0.0
655 219 76 -0.8476 0.0 0.0 0.0
656 219 77 0.4238 0.0 0.0 0.0
657 219 77 0.4238 0.0 0.0 0.0
658 220 76 -0.8476 0.0 0.0 0.0
659 220 77 0.4238 0.0 0.0 0.0
660 220 77 0.4238 0.0 0.0 0.0
661 221 76 -0.8476 0.0 0.0 0.0
662 221 77 0.4238 0.0 0.0 0.0
663 221 77 0.4238 0.0 0.0 0.0
664 222 76 -0.8476 0.0 0.0 0.0
665 222 77 0.4238 0.0 0.0 0.0
666 222 77 0.4238 0.0 0.0 0.0
667 223 76 -0.8476 0.0 0.0 0.0
668 223 77 0.4238 0.0 0.0 0.0
669 223 77 0.4238 0.0 0.0 0.0
670 224 76 -0.8476 0.0 0.0 0.0
671 224 77 0.4238 0.0 0.0 0.0
672 224 77 0.4238 0.0 0.0 0.0
673 225 76 -0.8476 0.0 0.0 0.0
674 225 77 0.4238 0.0 0.0 0.0
675 225 77 0.4238 0.0 0.0 0.0
676 226 76 -0.8476 0.0 0.0 0.0
677 226 77 0.4238 0.0 0.0 0.0
678 226 77 0.4238 0.0 0.0 0.0
679 227 76 -0.8476 0.0 0.0 0.0
680 227 77 0.4238 0.0 0.0 0.0
681 227 77 0.4238 0.0 0.0 0.0
682 228 76 -0.8476 0.0 0.0 0.0
683 228 77 0.4238 0.0 0.0 0.0
684 228 77 0.4238 0.0 0.0 0.0
685 229 76 -0.8476 0.0 0.0 0.0
686 229 77 0.4238 0.0 0.0 0.0
687 229 77 0.4238 0.0 0.0 0.0
688 230 76 -0.8476 0.0 0.0 0.0
689 230 77 0.4238 0.0 0.0 0.0
690 230 77 0.4238 0.0 0.0 0.0
691 231 76 -0.8476 0.0 0.0 0.0
692 231 77 0.4238 0.0 0.0 0.0
693 231 77 0.4238 0.0 0.0 0.0
694 232 76 -0.8476 0.0 0.0 0.0
695 232 77 0.4238 0.0 0.0 0.0
696 232 77 0.4238 0.0 0.0 0.0
697 233 76 -0.8476 0.0 0.0 0.0
698 233 77 0.4238 0.0 0.0 0.0
699 233 77 0.4238 0.0 0.0 0.0
700 234 76 -0.8476 0.0 0.0 0.0
701 234 77 0.4238 0.0 0.0 0.0
702 234 77 0.4238 0.0 0.0 0.0
703 235 76 -0.8476 0.0 0.0 0.0
704 235 77 0.4238 0.0 0.0 0.0
705 235 77 0.4238 0.0 0.0 0.0
706 236 76 -0.8476 0.0 0.0 0.0
707 236 77 0.4238 0.0 0.0 0.0
708 236 77 0.4238 0.0 0.0 0.0
709 237 76 -0.8476 0.0 0.0 0.0
710 237 77 0.4238 0.0 0.0 0.0
711 237 77 0.4238 0.0 0.0 0.0
712 238 76 -0.8476 0.0 0.0 0.0
713 238 77 0.4238 0.0 0.0 0.0
714 238 77 0.4238 0.0 0.0 0.0
715 239 76 -0.8476 0.0 0.0 0.0
716 239 77 0.4238 0.0 0.0 0.0
717 239 77 0.4238 0.0 0.0 0.0
718 240 76 -0.8476 0.0 0.0 0.0
719 240 77 0.4238 0.0 0.0 0.0
720 240 77 0.4238 0.0 0.0 0.0
721 241 76 -0.8476 0.0 0.0 0.0
722 241 77 0.4238 0.0 0.0 0.0
723 241 77 0.4238 0.0 0.0 0.0
724 242 76 -0.8476 0.0 0.0 0.0
725 242 77 0.4238 0.0 0.0 0.0
726 242 77 0.4238 0.0 0.0 0.0
727 243 76 -0.8476 0.0 0.0 0.0
728 243 77 0.4238 0.0 0.0 0.0
729 243 77 0.4238 0.0 0.0 0.0
730 244 76 -0.8476 0.0 0.0 0.0
731 244 77 0.4238 0.0 0.0 0.0
732 244 77 0.4238 0.0 0.0 0.0
733 245 76 -0.8476 0.0 0.0 0.0
734 245 77 0.4238 0.0 0.0 0.0
735 245 77 0.4238 0.0 0.0 0.0
736 246 76 -0.8476 0.0 0.0 0.0
737 246 77 0.4238 0.0 0.0 0.0
738 246 77 0.4238 0.0 0.0 0.0
739 247 76 -0.8476 0.0 0.0 0.0
740 247 77 0.4238 0.0 0.0 0.0
741 247 77 0.4238 0.0 0.0 0.0
742 248 76 -0.8476 0.0 0.0 0.0
743 248 77 0.4238 0.0 0.0 0.0
744 248 77 0.4238 0.0 0.0 0.0
745 249 76 -0.8476 0.0 0.0 0.0
746 249 77 0.4238 0.0 0.0 0.0
747 249 77 0.4238 0.0 0.0 0.0
748 250 76 -0.8476 0.0 0.0 0.0
749 250 77 0.4238 0.0 0.0 0.0
750 250 77 0.4238 0.0 0.0 0.0
751 251 76 -0.8476 0.0 0.0 0.0
752 251 77 0.4238 0.0 0.0 0.0
753 251 77 0.4238 0.0 0.0 0.0
754 252 76 -0.8476 0.0 0.0 0.0
755 252 77 0.4238 0.0 0.0 0.0
756 252 77 0.4238 0.0 0.0 0.0
757 253 76 -0.8476 0.0 0.0 0.0
758 253 77 0.4238 0.0 0.0 0.0
759 253 77 0.4238 0.0 0.0 0.0
760 254 76 -0.8476 0.0 0.0 0.0
761 254 77 0.4238 0.0 0.0 0.0
762 254 77 0.4238 0.0 0.0 0.0
763 255 76 -0.8476 0.0 0.0 0.0
764 255 77 0.4238 0.0 0.0 0.0
765 255 77 0.4238 0.0 0.0 0.0
766 256 76 -0.8476 0.0 0.0 0.0
767 256 77 0.4238 0.0 0.0 0.0
768 256 77 0.4238 0.0 0.0 0.0
769 257 76 -0.8476 0.0 0.0 0.0
770 257 77 0.4238 0.0 0.0 0.0
771 257 77 0.4238 0.0 0.0 0.0
772 258 76 -0.8476 0.0 0.0 0.0
773 258 77 0.4238 0.0 0.0 0.0
774 258 77 0.4238 0.0 0.0 0.0
775 259 76 -0.8476 0.0 0.0 0.0
776 259 77 0.4238 0.0 0.0 0.0
777 259 77 0.4238 0.0 0.0 0.0
778 260 76 -0.8476 0.0 0.0 0.0
779 260 77 0.4238 0.0 0.0 0.0
780 260 77 0.4238 0.0 0.0 0.0
781 261 76 -0.8476 0.0 0.0 0.0
782 261 77 0.4238 0.0 0.0 0.0
783 261 77 0.4238 0.0 0.0 0.0
784 262 76 -0.8476 0.0 0.0 0.0
785 262 77 0.4238 0.0 0.0 0.0
786 262 77 0.4238 0.0 0.0 0.0
787 263 76 -0.8476 0.0 0.0 0.0
788 263 77 0.4238 0.0 0.0 0.0
789 263 77 0.4238 0.0 0.0 0.0
790 264 76 -0.8476 0.0 0.0 0.0
791 264 77 0.4238 0.0 0.0 0.0
792 264 77 0.4238 0.0 0.0 0.0
793 265 76 -0.8476 0.0 0.0 0.0
794 265 77 0.4238 0.0 0.0 0.0
795 265 77 0.4238 0.0 0.0 0.0
796 266 76 -0.8476 0.0 0.0 0.0
797 266 77 0.4238 0.0 0.0 0.0
798 266 77 0.4238 0.0 0.0 0.0
799 267 76 -0.8476 0.0 0.0 0.0
800 267 77 0.4238 0.0 0.0 0.0
801 267 77 0.4238 0.0 0.0 0.0
