      1    1  2
      2    1  3
      3    4  5
      4    4  6
      5    7  8
      6    7  9
      7    10  11
      8    10  12
      9    13  14
      10    13  15
      11    16  17
      12    16  18
      13    19  20
      14    19  21
      15    22  23
      16    22  24
      17    25  26
      18    25  27
      19    28  29
      20    28  30
      21    31  32
      22    31  33
      23    34  35
      24    34  36
      25    37  38
      26    37  39
      27    40  41
      28    40  42
      29    43  44
      30    43  45
      31    46  47
      32    46  48
      33    49  50
      34    49  51
      35    52  53
      36    52  54
      37    55  56
      38    55  57
      39    58  59
      40    58  60
      41    61  62
      42    61  63
      43    64  65
      44    64  66
      45    67  68
      46    67  69
      47    70  71
      48    70  72
      49    73  74
      50    73  75
      51    76  77
      52    76  78
      53    79  80
      54    79  81
      55    82  83
      56    82  84
      57    85  86
      58    85  87
      59    88  89
      60    88  90
      61    91  92
      62    91  93
      63    94  95
      64    94  96
      65    97  98
      66    97  99
      67    100  101
      68    100  102
      69    103  104
      70    103  105
      71    106  107
      72    106  108
      73    109  110
      74    109  111
      75    112  113
      76    112  114
      77    115  116
      78    115  117
      79    118  119
      80    118  120
      81    121  122
      82    121  123
      83    124  125
      84    124  126
      85    127  128
      86    127  129
      87    130  131
      88    130  132
      89    133  134
      90    133  135
      91    136  137
      92    136  138
      93    139  140
      94    139  141
      95    142  143
      96    142  144
      97    145  146
      98    145  147
      99    148  149
      100    148  150
      101    151  152
      102    151  153
      103    154  155
      104    154  156
      105    157  158
      106    157  159
      107    160  161
      108    160  162
      109    163  164
      110    163  165
      111    166  167
      112    166  168
      113    169  170
      114    169  171
      115    172  173
      116    172  174
      117    175  176
      118    175  177
      119    178  179
      120    178  180
      121    181  182
      122    181  183
      123    184  185
      124    184  186
      125    187  188
      126    187  189
      127    190  191
      128    190  192
      129    193  194
      130    193  195
      131    196  197
      132    196  198
      133    199  200
      134    199  201
      135    202  203
      136    202  204
      137    205  206
      138    205  207
      139    208  209
      140    208  210
      141    211  212
      142    211  213
      143    214  215
      144    214  216
      145    217  218
      146    217  219
      147    220  221
      148    220  222
      149    223  224
      150    223  225
      151    226  227
      152    226  228
      153    229  230
      154    229  231
      155    232  233
      156    232  234
      157    235  236
      158    235  237
      159    238  239
      160    238  240
      161    241  242
      162    241  243
      163    244  245
      164    244  246
      165    247  248
      166    247  249
      167    250  251
      168    250  252
      169    253  254
      170    253  255
      171    256  257
      172    256  258
      173    259  260
      174    259  261
      175    262  263
      176    262  264
      177    265  266
      178    265  267
      179    268  269
      180    268  270
      181    271  272
      182    271  273
      183    274  275
      184    274  276
      185    277  278
      186    277  279
      187    280  281
      188    280  282
      189    283  284
      190    283  285
      191    286  287
      192    286  288
      193    289  290
      194    289  291
      195    292  293
      196    292  294
      197    295  296
      198    295  297
      199    298  299
      200    298  300
      201    301  302
      202    301  303
      203    304  305
      204    304  306
      205    307  308
      206    307  309
      207    310  311
      208    310  312
      209    313  314
      210    313  315
      211    316  317
      212    316  318
      213    319  320
      214    319  321
      215    322  323
      216    322  324
      217    325  326
      218    325  327
      219    328  329
      220    328  330
      221    331  332
      222    331  333
      223    334  335
      224    334  336
      225    337  338
      226    337  339
      227    340  341
      228    340  342
      229    343  344
      230    343  345
      231    346  347
      232    346  348
      233    349  350
      234    349  351
      235    352  353
      236    352  354
      237    355  356
      238    355  357
      239    358  359
      240    358  360
      241    361  362
      242    361  363
      243    364  365
      244    364  366
      245    367  368
      246    367  369
      247    370  371
      248    370  372
      249    373  374
      250    373  375
      251    376  377
      252    376  378
      253    379  380
      254    379  381
      255    382  383
      256    382  384
      257    385  386
      258    385  387
      259    388  389
      260    388  390
      261    391  392
      262    391  393
      263    394  395
      264    394  396
      265    397  398
      266    397  399
      267    400  401
      268    400  402
      269    403  404
      270    403  405
      271    406  407
      272    406  408
      273    409  410
      274    409  411
      275    412  413
      276    412  414
      277    415  416
      278    415  417
      279    418  419
      280    418  420
      281    421  422
      282    421  423
      283    424  425
      284    424  426
      285    427  428
      286    427  429
      287    430  431
      288    430  432
      289    433  434
      290    433  435
      291    436  437
      292    436  438
      293    439  440
      294    439  441
      295    442  443
      296    442  444
      297    445  446
      298    445  447
      299    448  449
      300    448  450
      301    451  452
      302    451  453
      303    454  455
      304    454  456
      305    457  458
      306    457  459
      307    460  461
      308    460  462
      309    463  464
      310    463  465
      311    466  467
      312    466  468
      313    469  470
      314    469  471
      315    472  473
      316    472  474
      317    475  476
      318    475  477
      319    478  479
      320    478  480
      321    481  482
      322    481  483
      323    484  485
      324    484  486
      325    487  488
      326    487  489
      327    490  491
      328    490  492
      329    493  494
      330    493  495
      331    496  497
      332    496  498
      333    499  500
      334    499  501
      335    502  503
      336    502  504
      337    505  506
      338    505  507
      339    508  509
      340    508  510
      341    511  512
      342    511  513
      343    514  515
      344    514  516
      345    517  518
      346    517  519
      347    520  521
      348    520  522
      349    523  524
      350    523  525
      351    526  527
      352    526  528
      353    529  530
      354    529  531
      355    532  533
      356    532  534
      357    535  536
      358    535  537
      359    538  539
      360    538  540
      361    541  542
      362    541  543
      363    544  545
      364    544  546
      365    547  548
      366    547  549
      367    550  551
      368    550  552
      369    553  554
      370    553  555
      371    556  557
      372    556  558
      373    559  560
      374    559  561
      375    562  563
      376    562  564
      377    565  566
      378    565  567
      379    568  569
      380    568  570
      381    571  572
      382    571  573
      383    574  575
      384    574  576
      385    577  578
      386    577  579
      387    580  581
      388    580  582
      389    583  584
      390    583  585
      391    586  587
      392    586  588
      393    589  590
      394    589  591
      395    592  593
      396    592  594
      397    595  596
      398    595  597
      399    598  599
      400    598  600
      401    601  602
      402    601  603
      403    604  605
      404    604  606
      405    607  608
      406    607  609
      407    610  611
      408    610  612
      409    613  614
      410    613  615
      411    616  617
      412    616  618
      413    619  620
      414    619  621
      415    622  623
      416    622  624
      417    625  626
      418    625  627
      419    628  629
      420    628  630
      421    631  632
      422    631  633
      423    634  635
      424    634  636
      425    637  638
      426    637  639
      427    640  641
      428    640  642
      429    643  644
      430    643  645
      431    646  647
      432    646  648
      433    649  650
      434    649  651
      435    652  653
      436    652  654
      437    655  656
      438    655  657
      439    658  659
      440    658  660
      441    661  662
      442    661  663
      443    664  665
      444    664  666
      445    667  668
      446    667  669
      447    670  671
      448    670  672
      449    673  674
      450    673  675
      451    676  677
      452    676  678
      453    679  680
      454    679  681
      455    682  683
      456    682  684
      457    685  686
      458    685  687
      459    688  689
      460    688  690
      461    691  692
      462    691  693
      463    694  695
      464    694  696
      465    697  698
      466    697  699
      467    700  701
      468    700  702
      469    703  704
      470    703  705
      471    706  707
      472    706  708
      473    709  710
      474    709  711
      475    712  713
      476    712  714
      477    715  716
      478    715  717
      479    718  719
      480    718  720
      481    721  722
      482    721  723
      483    724  725
      484    724  726
      485    727  728
      486    727  729
      487    730  731
      488    730  732
      489    733  734
      490    733  735
      491    736  737
      492    736  738
      493    739  740
      494    739  741
      495    742  743
      496    742  744
      497    745  746
      498    745  747
      499    748  749
      500    748  750
      501    751  752
      502    751  753
      503    754  755
      504    754  756
      505    757  758
      506    757  759
      507    760  761
      508    760  762
      509    763  764
      510    763  765
      511    766  767
      512    766  768
      513    769  770
      514    769  771
      515    772  773
      516    772  774
      517    775  776
      518    775  777
      519    778  779
      520    778  780
      521    781  782
      522    781  783
      523    784  785
      524    784  786
      525    787  788
      526    787  789
      527    790  791
      528    790  792
      529    793  794
      530    793  795
      531    796  797
      532    796  798
      533    799  800
      534    799  801
